0.000000
0.000000
0.000000
0.000000
0.000000
0.000000
0.000000
0.000000
0.000000
0.000000
0.000000
0.000000
0.000000
0.000000
0.000000
0.001470
0.000000
0.004930
0.000000
0.000000
0.000000
0.000000
0.000000
0.000000
0.003367
0.000000
0.000000
0.000000
0.000000
0.000000
0.000000
0.000000
0.000000
0.000000
0.000000
0.001327
0.002463
0.002619
0.000000
0.000000
0.000000
0.000000
0.000000
0.000000
0.000000
0.000000
0.000000
0.003063
0.001470
0.005030
0.001470
0.000000
0.000000
0.001327
0.008543
0.001926
0.000000
0.003428
0.000000
0.000000
0.095852
0.000000
0.000000
0.000000
0.000000
0.000000
0.000000
0.001589
0.000000
0.000000
0.000000
0.000000
0.000000
0.000000
0.002619
0.000000
0.000000
0.002619
0.001849
0.000000
0.008543
0.000000
0.000000
0.000000
0.003515
0.000000
0.000000
0.006015
0.000000
0.000000
0.000000
0.000000
0.000000
0.000000
0.002619
0.000000
0.000000
0.000000
0.000000
0.000000
0.000000
0.001470
0.001663
0.055929
0.000000
0.000000
0.000000
0.000000
0.000000
0.000000
0.000000
0.002619
0.000000
0.000000
0.002619
0.000000
0.000000
0.003063
0.000000
0.000000
0.000000
0.094154
0.001470
0.000000
0.002619
0.000000
0.000000
0.001376
0.000000
0.004114
0.000000
0.000000
0.006578
0.028214
0.001376
0.000000
0.000000
0.000000
0.000000
0.000000
0.009956
0.002130
0.000000
0.000000
0.001589
0.000000
0.001376
0.038117
0.000000
0.001470
0.001470
0.000000
0.000000
0.014614
0.002619
0.001849
0.000000
0.000000
0.001535
0.012961
0.000000
0.000000
0.000000
0.010078
0.001470
0.000000
0.000000
0.000000
0.000000
0.000000
0.001459
0.000000
0.000000
0.006673
0.001470
0.002619
0.000000
0.002976
0.002619
0.000000
0.002954
0.002619
0.000000
0.006778
0.049429
0.002619
0.000000
0.000000
0.000000
0.000000
0.000000
0.000000
0.007103
0.002271
0.000000
0.000000
0.000000
0.003063
0.000000
0.000000
0.000000
0.000000
0.001926
0.000000
0.000000
0.000000
0.000000
0.001470
0.001561
0.000000
0.000000
0.057570
0.002619
0.001470
0.000000
0.012209
0.000000
0.000000
0.000000
0.002619
0.000000
0.000000
0.000000
0.004890
0.000000
0.000000
0.000000
0.000000
0.001849
0.000000
0.001470
0.000000
0.001327
0.001535
0.000000
0.002141
0.000000
0.000000
0.000000
0.000000
0.000000
0.000000
0.000000
0.000000
0.000000
0.000000
0.001849
0.000000
0.004040
0.001470
0.002130
0.000000
0.000000
0.002619
0.000000
0.000000
0.000000
0.000000
0.000000
0.000000
0.001926
0.000000
0.000000
0.000000
0.000000
0.001849
0.000000
0.001561
0.000000
0.000000
0.000000
0.000000
0.000000
0.002130
0.001470
0.000000
0.000000
0.010078
0.000000
0.002619
0.000000
0.049712
0.002619
0.001926
0.002169
0.000000
0.000000
0.001535
0.000000
0.000000
0.000000
0.000000
0.002619
0.000000
0.000000
0.000000
0.007453
0.000000
0.007218
0.000000
0.000000
0.000000
0.003515
0.000000
0.000000
0.000000
0.000000
0.000000
0.000000
0.001470
0.001376
0.000000
0.001470
0.001926
0.009108
0.000000
0.001376
0.000000
0.000000
0.002976
0.000000
0.000000
0.000000
0.000000
0.042248
0.014516
0.000000
0.000000
0.002619
0.000000
0.000000
0.000000
0.000000
0.000000
0.000000
0.000000
0.001535
0.000000
0.000000
0.000000
0.000000
0.000000
0.004652
0.000000
0.000000
0.000000
0.000000
0.043297
0.000000
0.000000
0.000000
0.000000
0.003383
0.000000
0.000000
0.000000
0.000000
0.000000
0.002271
0.000000
0.000000
0.000000
0.000000
0.000000
0.000000
0.000000
0.000000
0.000000
0.000000
0.000000
0.002619
0.000000
0.000000
0.001470
0.001470
0.000000
0.000000
0.000000
0.000000
0.000000
0.015243
0.000000
0.000000
0.000000
0.000000
0.000000
0.000000
0.000000
0.000000
0.000000
0.001470
0.000000
0.000000
0.000000
0.000000
0.000000
0.000000
0.000000
0.000000
0.000000
0.000000
0.000000
0.000000
0.011129
0.000000
0.000000
0.000000
0.000000
0.000000
0.001376
0.000000
0.008001
0.000000
0.000000
0.008099
0.002130
0.000000
0.000000
0.000000
0.000000
0.000000
0.000000
0.000000
0.000000
0.001561
0.004890
0.000000
0.001376
0.003489
0.000000
0.000000
0.000000
0.000000
0.002619
0.000000
0.000000
0.000000
0.000000
0.000000
0.002130
0.000000
0.000000
0.001663
0.000000
0.000000
0.000000
0.000000
0.000000
0.000000
0.002619
0.005123
0.000000
0.000000
0.000000
0.002619
0.002619
0.000000
0.002619
0.000000
0.001470
0.000000
0.000000
0.000000
0.000000
0.000000
0.000000
0.000000
0.000000
0.000000
