0.001603
0.001603
0.001603
0.001603
0.001603
0.001831
0.001740
0.001798
0.001944
0.001944
0.001798
0.001740
0.001944
0.001944
0.001740
0.001663
0.001668
0.001919
0.001968
0.001662
0.003850
0.003744
0.001662
0.004261
0.001792
0.001826
0.001853
0.001668
0.001668
0.002409
0.001956
0.001719
0.002477
0.002256
0.002592
0.001920
0.001760
0.001653
0.001662
0.004205
0.001668
0.001662
0.003871
0.004719
0.001668
0.002641
0.002251
0.001885
0.001663
0.001809
0.001663
0.001719
0.001797
0.001920
0.002167
0.001682
0.001707
0.001853
0.001686
0.002395
0.014355
0.001707
0.002572
0.001668
0.002243
0.001800
0.001662
0.001713
0.001733
0.002579
0.001828
0.002256
0.001714
0.001797
0.001653
0.001668
0.001797
0.001653
0.001696
0.001800
0.002167
0.001662
0.001662
0.001919
0.001791
0.001686
0.001800
0.001790
0.001764
0.001845
0.001662
0.002823
0.001707
0.004265
0.001653
0.005938
0.001800
0.001662
0.001797
0.001707
0.001662
0.001663
0.001697
0.010278
0.002627
0.001956
0.001686
0.001714
0.002472
0.001662
0.001662
0.001653
0.001844
0.002579
0.001653
0.002579
0.001800
0.001885
0.001899
0.001733
0.001899
0.014128
0.001663
0.001894
0.001653
0.002392
0.001707
0.001808
0.001719
0.002604
0.001853
0.001662
0.002073
0.004555
0.001808
0.002235
0.001847
0.001733
0.001714
0.001701
0.002880
0.002054
0.002055
0.001662
0.001713
0.001707
0.001808
0.006034
0.001668
0.001663
0.001663
0.003539
0.001968
0.002598
0.001653
0.001696
0.001844
0.001719
0.001745
0.002514
0.001707
0.002430
0.001662
0.002309
0.001663
0.002579
0.002609
0.002104
0.001662
0.001668
0.002199
0.001968
0.001668
0.002111
0.001663
0.001653
0.001662
0.001856
0.001653
0.001686
0.002025
0.001653
0.001701
0.002012
0.007278
0.001653
0.002641
0.001812
0.002888
0.001668
0.002477
0.001986
0.002056
0.001730
0.001686
0.001719
0.001733
0.001885
0.001909
0.001881
0.001853
0.002865
0.001682
0.003766
0.001714
0.001662
0.002243
0.001663
0.001706
0.001662
0.001662
0.007811
0.001653
0.001663
0.001800
0.002759
0.002042
0.001707
0.002302
0.001653
0.001844
0.001956
0.002053
0.001780
0.001701
0.001865
0.002075
0.001733
0.001696
0.001707
0.001663
0.002243
0.001920
0.001745
0.002302
0.001721
0.001714
0.001701
0.001686
0.001733
0.001719
0.001733
0.001668
0.002190
0.001701
0.001865
0.001696
0.001662
0.003504
0.001663
0.002054
0.001662
0.002440
0.001653
0.001668
0.002236
0.001733
0.002075
0.002572
0.001714
0.001682
0.001733
0.001668
0.003671
0.003326
0.001696
0.001986
0.001706
0.001668
0.001719
0.001686
0.001733
0.002784
0.002054
0.001663
0.001923
0.003696
0.002309
0.002429
0.001653
0.001800
0.007409
0.001653
0.001682
0.001793
0.001714
0.004205
0.001745
0.001707
0.001719
0.002888
0.001686
0.001653
0.001662
0.001714
0.002302
0.002005
0.001733
0.001993
0.002908
0.003560
0.001719
0.001791
0.001662
0.001686
0.001921
0.002783
0.001662
0.001826
0.001663
0.001808
0.001686
0.001663
0.001682
0.002131
0.001668
0.001808
0.001714
0.001668
0.001856
0.002233
0.001719
0.002356
0.001719
0.007193
0.003053
0.003736
0.001668
0.001653
0.002256
0.003138
0.002409
0.001662
0.001701
0.001733
0.002302
0.001745
0.001701
0.001662
0.001662
0.001844
0.001701
0.001995
0.002042
0.001844
0.001733
0.001797
0.006888
0.001845
0.002579
0.002042
0.001662
0.001838
0.001714
0.001707
0.001668
0.001662
0.001701
0.001730
0.001701
0.001668
0.001707
0.003698
0.001686
0.001662
0.001797
0.001844
0.001701
0.002015
0.001686
0.001653
0.003271
0.001714
0.001663
0.001663
0.001714
0.001668
0.001707
0.001701
0.002325
0.003433
0.001701
0.001844
0.001733
0.002105
0.003537
0.001797
0.001714
0.001923
0.002283
0.001663
0.001844
0.001662
0.001826
0.001826
0.001956
0.001686
0.002341
0.002251
0.001733
0.001784
0.001662
0.001662
0.002712
0.001733
0.002072
0.002243
0.002105
0.001686
0.001808
0.002429
0.002196
0.003359
0.001909
0.002212
0.002054
0.001719
0.001662
0.001844
0.001865
0.001828
0.001847
0.001668
0.002477
0.001706
0.001780
0.001662
0.001808
0.001808
0.001662
0.001800
0.001701
0.003602
0.001653
0.002429
0.002822
0.001686
0.001662
0.002594
0.002054
0.001668
0.001668
0.001697
0.002822
0.002009
0.001686
0.001686
0.001826
0.001709
0.001653
0.001793
0.001707
0.001701
0.003749
0.001653
0.001653
0.003379
0.001653
0.002505
0.001663
0.001662
0.001686
0.002101
0.001719
0.001686
0.002243
0.001797
0.002686
0.002430
