0.000682
0.000726
0.000708
0.000709
0.000706
0.001069
0.000856
0.000733
0.000793
0.000719
0.001060
0.000702
0.000775
0.000708
0.001170
0.000725
0.000759
0.000696
0.000706
0.000708
0.000733
0.000766
0.000693
0.000696
0.000876
0.000714
0.000698
0.000709
0.000696
0.000696
0.000785
0.000710
0.000721
0.000758
0.000725
0.000772
0.000702
0.000705
0.000706
0.000799
0.001138
0.000725
0.001941
0.000715
0.000777
0.000705
0.000700
0.000706
0.000725
0.000719
0.001418
0.000710
0.000716
0.000713
0.000708
0.000738
0.001139
0.000736
0.000719
0.000714
0.000735
0.003106
0.000799
0.000742
0.000725
0.000738
0.000717
0.001492
0.000809
0.000706
0.000724
0.000702
0.000800
0.000748
0.000737
0.000714
0.000717
0.003033
0.000905
0.000895
0.000803
0.000725
0.000692
0.001195
0.000859
0.000727
0.000894
0.000937
0.000701
0.000725
0.000724
0.000758
0.000714
0.000710
0.001617
0.000698
0.000765
0.000782
0.000931
0.000737
0.000730
0.000709
0.000754
0.000708
0.000718
0.000934
0.000725
0.000699
0.000706
0.000705
0.000708
0.000738
0.000724
0.000696
0.000758
0.000725
0.000967
0.000702
0.000705
0.000798
0.000708
0.000714
0.000725
0.000712
0.000716
0.000706
0.000719
0.000725
0.000742
0.000696
0.000725
0.000708
0.000795
0.001643
0.000889
0.000713
0.000810
0.000894
0.000910
0.000719
0.000805
0.001590
0.000951
0.000692
0.000692
0.000730
0.000699
0.000714
0.000737
0.000712
0.000782
0.000725
0.000693
0.000882
0.000718
0.001231
0.001079
0.000743
0.000699
0.000823
0.000718
0.000977
0.000704
0.000807
0.000782
0.000912
0.000729
0.000705
0.000748
0.000709
0.000992
0.000720
0.000707
0.000766
0.000714
0.000706
0.000720
0.000702
0.000708
0.002317
0.000708
0.000714
0.000709
0.000699
0.000743
0.000932
0.000728
0.000706
0.001197
0.000702
0.000739
0.000734
0.000748
0.000719
0.000725
0.000706
0.000734
0.000702
0.000895
0.000715
0.000714
0.000865
0.000884
0.000714
0.000700
0.000707
0.000757
0.000714
0.000775
0.000796
0.000700
0.000747
0.000716
0.000719
0.000718
0.000738
0.000725
0.000700
0.000782
0.001823
0.000751
0.000725
0.000945
0.000706
0.001879
0.000692
0.000726
0.000839
0.000741
0.000734
0.000725
0.000899
0.000722
0.000807
0.000699
0.000807
0.000923
0.000705
0.000737
0.000711
0.000713
0.000712
0.000706
0.000703
0.000702
0.000703
0.000725
0.000701
0.000932
0.000780
0.000706
0.000712
0.000709
0.001289
0.000784
0.000713
0.000709
0.000744
0.000996
0.000702
0.000906
0.000711
0.000693
0.000836
0.000749
0.000726
0.000748
0.000707
0.000805
0.000724
0.000724
0.000725
0.001857
0.000713
0.000692
0.000706
0.000862
0.000715
0.000704
0.000714
0.000812
0.000714
0.000898
0.001033
0.000692
0.000836
0.000702
0.000790
0.000876
0.000839
0.000737
0.000706
0.000698
0.000770
0.000703
0.000737
0.000741
0.001557
0.000787
0.000774
0.000710
0.000730
0.000704
0.000706
0.000830
0.000751
0.000960
0.000769
0.000782
0.000699
0.000720
0.000779
0.000714
0.000693
0.000702
0.000734
0.000700
0.000737
0.000706
0.000782
0.000796
0.000739
0.000714
0.000906
0.000725
0.000707
0.000721
0.000724
0.001164
0.000807
0.001286
0.000716
0.000833
0.000742
0.000718
0.000719
0.000913
0.000696
0.000699
0.000699
0.000804
0.000693
0.000710
0.000725
0.000699
0.000696
0.000791
0.000700
0.000702
0.000724
0.000712
0.001147
0.000734
0.000719
0.000730
0.000880
0.001726
0.001323
0.000770
0.000796
0.000983
0.001142
0.000706
0.000733
0.000782
0.000922
0.001738
0.000706
0.000859
0.001820
0.000708
0.000897
0.000756
0.002021
0.000706
0.000725
0.000780
0.000728
0.000693
0.000733
0.000706
0.000752
0.000698
0.000700
0.000706
0.001572
0.002021
0.000754
0.000786
0.000710
0.000717
0.000696
0.000861
0.003033
0.000795
0.000719
0.000746
0.000725
0.000693
0.000710
0.000710
0.000710
0.000709
0.000707
0.000693
0.000704
0.000714
0.000741
0.000706
0.002076
0.000743
0.000749
0.000742
0.000699
0.001936
0.000758
0.000751
0.000703
0.000720
0.000705
0.000851
0.000782
0.000714
0.000782
0.000725
0.000698
0.000708
0.000693
0.000709
0.000733
0.000707
0.000856
0.000711
0.000857
0.000708
0.000725
0.000965
0.000975
0.001223
0.000700
0.000858
0.000716
0.000712
0.000775
0.000847
0.000699
0.001093
0.000753
0.000706
0.000724
0.000710
0.000916
0.000705
0.000728
0.000708
0.000692
0.000720
0.000739
0.000780
0.000866
0.000713
0.000878
0.001197
0.000807
0.000890
0.000702
0.001099
0.001915
0.000706
0.000706
0.001123
0.000948
0.000809
0.000782
0.000696
0.000698
0.000905
0.000720
0.001252
0.000782
0.000724
0.000730
0.000830
0.000735
0.000739
0.000729
0.000715
0.000725
0.000718
0.000911
0.000702
0.001316
0.000713
0.001855
0.000702
0.000715
0.000752
0.000702
0.000774
0.000903
0.002691
0.001046
0.000696
0.000696
0.000708
0.001897
0.000706
0.000756
0.000725
0.000748
0.000766
0.000696
0.000693
0.000714
0.000835
0.000748
0.000882
0.000719
0.000702
0.000706
0.001317
0.000713
0.000936
0.000714
0.000709
0.000699
0.000779
0.001927
0.000711
0.000788
0.001036
0.000702
0.000752
0.000702
0.000712
0.000717
0.000703
0.001405
0.000762
0.000784
0.000696
0.000790
0.000706
0.000707
0.000707
0.000734
0.000711
0.000708
0.000775
0.000753
0.000708
0.000781
0.000782
0.002011
0.000780
0.000969
0.000708
0.000706
0.000765
0.000726
0.000725
0.000786
0.000794
0.000847
0.000791
0.001156
0.000734
0.000706
0.000760
0.000706
0.000702
0.000727
0.000708
0.000765
0.001114
0.000709
0.000692
0.001817
0.000770
0.000784
0.000742
0.000720
0.000734
0.000707
0.000900
0.000774
0.000732
0.000721
0.000707
0.000692
0.001341
0.000700
0.000706
0.000886
0.000702
0.000711
0.000698
0.000898
0.000728
0.000702
0.000733
0.000752
0.000714
0.000709
0.000710
0.000817
0.000807
0.000713
0.000863
0.000726
0.000964
0.000693
0.000707
0.000724
0.000715
0.000705
0.000698
0.000698
0.000698
0.000722
0.000752
0.000742
0.000711
0.000724
0.000718
0.000699
0.000725
0.000713
0.000864
0.000698
0.000704
0.000724
0.000696
0.000706
0.001297
0.000708
0.000711
0.000782
0.000698
0.000815
0.000913
0.000988
0.000737
0.000716
0.000782
0.000725
0.000715
0.000804
0.000782
0.001162
0.000711
0.000718
0.000719
0.000996
0.000708
0.000705
0.000711
0.001111
0.000730
0.001146
0.000702
0.000876
0.000725
0.000968
0.000724
0.001060
0.000753
0.000714
0.000715
0.000789
0.000724
0.000705
0.000705
0.000692
0.000714
0.000702
0.000778
0.000706
0.000807
0.000752
0.000720
0.000739
0.000924
0.000952
0.000715
0.000751
0.000818
0.000702
0.000727
0.001079
0.000713
0.000702
0.000737
0.000699
0.001092
0.000725
0.000780
0.000751
0.000706
0.000747
0.000702
0.000725
0.000706
0.000717
0.000724
0.000705
0.000811
0.000716
0.000799
0.000714
0.000692
0.000805
0.000702
0.000710
0.000714
0.000733
0.000706
0.000884
0.000693
0.000807
0.000707
0.001027
0.000716
0.000748
0.000928
0.000696
0.000759
0.000703
0.000701
0.000702
0.000705
0.000703
0.000747
0.000805
0.000840
0.000692
0.000926
0.000707
0.000719
0.000705
0.001142
0.000698
0.000708
0.000705
0.000754
0.000753
0.000705
0.000985
0.000719
0.000741
0.000733
0.000721
0.000778
0.000692
0.000774
0.000706
0.000724
0.000704
0.000702
0.000790
0.003125
0.000710
0.000723
0.000734
0.000754
0.000700
0.000706
0.000699
0.000780
0.000782
0.000906
0.000813
0.000713
0.000744
0.000807
0.000730
0.000715
0.000706
0.000712
0.000713
0.000773
0.000719
0.000704
0.000734
0.000945
0.000713
0.000706
0.000725
0.000715
0.000802
0.000698
0.000847
0.000761
0.000702
0.000711
0.000715
0.000865
0.000715
0.000845
0.000742
0.000706
0.000782
0.000706
0.000798
0.000702
0.000699
0.000701
0.000771
0.000706
0.000706
0.000696
0.000895
0.000709
0.000700
0.000771
0.000724
0.000734
0.000725
0.002024
0.001027
0.000727
0.000720
0.000703
0.000714
0.000725
0.000724
0.000721
0.000724
0.000700
0.000782
0.000725
0.000713
0.000756
0.000713
0.000757
0.000698
0.000708
0.000707
0.000705
0.000725
0.000707
0.000712
0.000724
0.000734
0.000739
0.000728
0.001072
0.001791
0.000750
0.000712
0.000888
0.000706
0.000832
0.000807
0.000826
0.001415
0.000706
0.000707
0.000847
0.000696
0.000726
0.000702
0.003028
0.000724
0.000709
0.000720
0.000821
0.000711
0.000710
0.000919
0.000829
0.001047
0.000734
0.000945
0.000725
0.000884
0.000703
0.000708
0.000729
0.000730
0.000977
0.000752
0.000714
0.000703
0.000778
0.000847
0.000725
0.000725
0.000699
0.000738
0.000718
0.000710
0.000717
0.000699
0.000710
0.000752
0.001269
0.000703
0.000780
0.000842
0.000807
0.000716
0.000730
0.000780
0.000730
0.000708
0.000692
0.001000
0.000922
0.000714
0.000725
0.000825
0.000713
0.000719
0.000796
0.000716
0.000759
0.000718
0.000760
0.000856
0.000720
0.000863
0.000743
0.000782
0.000741
0.000725
0.000716
0.000734
0.000766
0.000792
0.001529
0.000699
0.000847
0.000709
0.000948
0.000882
0.000740
0.000715
0.000910
0.000699
0.000734
0.000737
0.000710
0.000719
0.000711
0.001907
0.000703
0.001114
0.000734
0.000706
0.000705
0.000714
0.000795
0.000724
0.001503
0.000715
0.000699
0.000717
0.000698
0.000707
0.000730
0.000693
0.000712
0.000706
0.000805
0.000748
0.000714
0.000715
0.001341
0.000702
0.000725
0.000708
0.000706
0.000847
0.000707
0.000733
0.000705
0.000692
0.000720
0.000708
0.000725
0.000712
0.000721
0.000716
0.000724
0.000713
0.000756
0.000715
0.000737
0.000705
0.000725
0.000708
0.000802
0.000806
0.000737
0.000778
0.000725
0.000699
0.000825
0.000714
0.000742
0.000708
0.000925
0.000719
0.000707
0.001161
0.000767
0.000724
0.000851
0.000706
0.000737
0.000699
0.000706
0.000717
0.000725
0.000751
0.000762
0.000696
0.000798
0.000710
0.002021
0.000693
0.000739
0.000758
0.000730
0.000728
0.000712
0.000724
0.000715
0.000713
0.000779
0.000939
0.000724
0.000706
0.000725
0.000727
0.000794
0.000710
0.000711
0.000709
0.000725
0.000708
0.000794
0.000703
0.000720
0.000698
0.000696
0.000782
0.001093
0.000696
0.000773
0.003867
0.000705
0.000700
0.000717
0.000719
0.000710
0.000929
0.000707
0.000774
0.000708
0.000696
0.000708
0.000847
0.000701
0.000703
0.000701
0.000790
0.000693
0.001123
0.001136
0.000692
0.000738
0.001071
0.000706
0.000708
0.000714
0.000754
0.000709
0.000724
0.000805
0.000696
0.000698
0.001948
0.000714
0.000753
0.000692
0.000727
0.001375
0.000702
0.000728
0.000720
0.000780
0.000795
0.000705
0.000718
0.000770
0.000700
0.001036
0.000761
0.000724
0.000790
0.000713
0.000715
0.000708
0.000704
0.000720
0.000702
0.000716
0.000724
0.000716
0.000848
0.001003
0.000707
0.000706
0.000718
0.000707
0.000883
0.000733
0.001000
0.000887
0.000711
0.002915
0.000709
0.000699
0.000692
0.000714
0.000714
0.000709
0.000931
0.000729
0.000696
0.000725
0.001774
0.000701
0.000711
0.000737
0.000725
0.000738
0.000698
0.000737
0.000805
0.000812
0.000692
0.001172
0.000725
0.001526
0.000734
0.000788
0.000743
0.003125
0.000734
0.000708
0.000696
0.000789
0.000770
0.000805
0.000716
0.000706
0.000701
0.000754
0.000967
0.000755
0.000724
0.000751
0.000774
0.000749
0.000706
0.000708
0.000696
0.000706
0.000730
0.000692
0.000895
0.000696
0.000847
0.000717
0.000703
0.000936
0.000706
0.000717
0.000692
0.000813
0.001033
0.000718
0.000737
0.000699
0.000754
0.000807
0.000716
0.000723
0.000770
0.000711
0.000804
0.000715
0.000711
0.000716
0.000699
0.001778
0.000790
0.000741
0.000751
0.000734
0.000847
0.000702
0.000702
0.000734
0.000713
0.000720
0.000699
0.000696
0.000708
0.000748
0.000696
0.000705
0.000706
0.000702
0.000725
0.000714
0.000715
0.001034
0.000718
0.000733
0.000725
0.000737
0.000726
0.002127
0.000729
