0.002693
0.000000
0.000000
0.000000
0.000000
0.000000
0.009848
0.014476
0.012231
0.000000
0.000000
0.000000
0.000000
0.000000
0.000000
0.000000
0.000000
0.000000
0.000000
0.000000
0.000000
0.000000
0.000000
0.000000
0.010614
0.000000
0.000000
0.000000
0.000000
0.000000
0.000000
0.000000
0.000000
0.000000
0.000000
0.003551
0.000000
0.000000
0.000000
0.000000
0.004226
0.000000
0.000000
0.000000
0.000000
0.000000
0.000000
0.000000
0.000000
0.014382
0.000000
0.000000
0.000000
0.000000
0.000000
0.000000
0.000000
0.000000
0.009341
0.000000
0.000000
0.009019
0.000788
0.000000
0.000000
0.000000
0.000000
0.004047
0.000000
0.000000
0.000000
0.000000
0.000000
0.000000
0.000000
0.000000
0.000000
0.010017
0.015248
0.000000
0.012314
0.000000
0.000000
0.000000
0.000000
0.000000
0.000000
0.000000
0.000000
0.000000
0.015290
0.000000
0.000000
0.000000
0.003839
0.000000
0.000000
0.001071
0.000000
0.000000
0.000000
0.000084
0.000000
0.000000
0.000000
0.000918
0.000000
0.000000
0.000000
0.000000
0.000000
0.000000
0.000000
0.000000
0.000000
0.000000
0.001065
0.000000
0.000000
0.000000
0.000000
0.000000
0.000000
0.000000
0.000000
0.000000
0.000000
0.000000
0.000000
0.000000
0.000000
0.000000
0.000000
0.010117
0.004132
0.000000
0.000000
0.000000
0.000000
0.014312
0.000000
0.000000
0.000000
0.000000
0.000000
0.000000
0.000000
0.000000
0.000000
0.000000
0.000000
0.000000
0.000000
0.001527
0.000000
0.001034
0.001007
0.000000
0.000000
0.000000
0.000000
0.000000
0.000000
0.000000
0.000000
0.000457
0.000000
0.000000
0.014051
0.000000
0.016150
0.000000
0.000000
0.000000
0.000000
0.000000
0.000000
0.000000
0.000000
0.011559
0.000000
0.000000
0.000000
0.000000
0.015417
0.000000
0.009678
0.000000
0.000000
0.000000
0.003837
0.000000
0.000000
0.014445
0.000000
0.000000
0.000000
0.000000
0.000888
0.000000
0.000000
0.010898
0.000000
0.000000
0.000000
0.000000
0.000000
0.000000
0.003946
0.000000
0.000000
0.000000
0.000000
0.000000
0.000000
0.000000
0.000000
0.000000
0.001098
0.003712
0.000000
0.000000
0.000000
0.000000
0.000000
0.000000
0.000000
0.000000
0.000000
0.000000
0.000000
0.000711
0.000000
0.000000
0.000000
0.000000
0.000000
0.000000
0.000000
0.000000
0.000000
0.000000
0.000000
0.000000
0.000000
0.000000
0.000000
0.000000
0.000000
0.012361
0.000000
0.000000
0.000000
0.003831
0.000000
0.000000
0.000000
0.000000
0.000000
0.000000
0.000000
0.000000
0.000000
0.000000
0.000000
0.011358
0.014012
0.000000
0.000000
0.000000
0.000000
0.000000
0.003889
0.000000
0.000000
0.000000
0.000000
0.000000
0.000000
0.000000
0.000000
0.000000
0.001679
0.000000
0.000000
0.000000
0.000000
0.000000
0.000000
0.004266
0.000000
0.000000
0.000000
0.000000
0.000000
0.000000
0.000000
0.000000
0.000000
0.009928
0.000000
0.000000
0.000000
0.000000
0.000000
0.000000
0.000000
0.000000
0.010178
0.000000
0.000000
0.009390
0.000000
0.000000
0.000000
0.000000
0.000000
0.000000
0.000000
0.001073
0.000000
0.000000
0.000000
0.003835
0.000000
0.000000
0.000000
0.000000
0.000000
0.000000
0.003056
0.000000
0.000000
0.000000
0.000000
0.013699
0.000000
0.000000
0.000000
0.000000
0.000000
0.000000
0.000000
0.000000
0.000000
0.000000
0.000000
0.000000
0.000000
0.000000
0.000000
0.000882
0.000000
0.000000
0.000000
0.000000
0.000000
0.000000
0.000000
0.000000
0.001821
0.000000
0.000000
0.000000
0.000000
0.000000
0.000000
0.000000
0.000000
0.000000
0.000000
0.000000
0.000000
0.000000
0.000000
0.000000
0.000000
0.000000
0.000000
0.000000
0.000000
0.010169
0.000000
0.000000
0.000000
0.014820
0.003177
0.000000
0.000000
0.000000
0.000000
0.000000
0.000000
0.000000
0.000000
0.000000
0.012518
0.000000
0.000000
0.000000
0.000000
0.000000
0.000000
0.000000
0.000000
0.000000
0.000000
0.000000
0.000000
0.000000
0.000000
0.000000
0.000000
0.000000
0.000000
0.000000
0.000000
0.000000
0.000000
0.000000
0.002315
0.000984
0.000000
0.000000
0.000000
0.000000
0.000000
0.000000
0.000000
0.000000
0.000000
0.000000
0.000000
0.000000
0.000000
0.000000
0.001675
0.000000
0.000000
0.000000
0.010812
0.000000
0.000000
0.000000
0.000000
0.000000
0.000000
0.000000
0.011811
0.000000
0.000000
0.000917
0.000000
0.000000
0.000000
0.000000
0.000000
0.000000
0.010043
0.000000
0.000000
0.014501
0.000000
0.000000
0.000000
0.000000
0.000000
0.000000
0.000000
0.000000
0.000000
0.000000
0.000000
0.001104
0.000000
0.000000
0.001490
0.000000
0.000000
0.000000
0.000000
0.000000
0.000000
0.000000
0.000000
0.000000
0.000000
0.000000
0.000000
0.000000
0.000000
0.000932
0.000000
0.000000
0.000000
0.000000
0.004257
0.000000
0.015041
0.000000
0.013875
0.000000
0.000000
0.000000
0.000000
0.012986
0.000000
0.000000
0.000000
0.000014
0.000000
0.000000
0.000000
0.000000
0.000000
0.000000
0.000917
0.000000
0.000000
0.000000
0.000000
0.000000
0.000029
0.000000
0.000000
0.000000
0.000000
0.000000
0.000000
0.000000
0.000000
0.000000
0.000000
0.000000
0.000000
0.000000
0.000000
0.000000
0.000000
0.009930
0.000000
0.000000
0.000000
0.000000
0.000000
0.000000
0.000000
0.000000
0.000000
0.000000
0.000000
0.009797
0.000000
0.003636
0.000000
0.000834
0.000000
0.000000
0.004257
0.000000
0.000000
0.000000
0.000000
0.000000
0.000000
0.000000
0.000000
0.000000
0.000000
0.000000
0.000000
0.000000
0.000000
0.000000
0.000000
0.000016
0.000000
0.003648
0.000000
0.010118
0.010219
0.000000
0.000000
0.000000
0.000759
0.000000
0.000000
0.000000
0.000000
0.000000
0.000000
0.000000
0.014185
0.000000
0.000000
0.000000
0.000000
0.000000
0.000000
0.000000
0.000000
0.000000
0.000000
0.000000
0.000000
0.013718
0.000000
0.000000
0.000000
0.000000
0.001475
0.000000
0.000000
0.000000
0.000000
0.000000
0.000000
0.000000
0.000000
0.000000
0.000000
0.000000
0.000000
0.000000
0.000000
0.000000
0.000000
0.000000
0.000000
0.000000
0.000000
0.000000
0.000000
0.000000
0.000000
0.000000
0.000000
0.001092
0.000000
0.000000
0.009793
0.000000
0.000000
0.000000
0.000895
0.000000
0.000000
0.002686
0.000000
0.000000
0.000000
0.000000
0.000000
0.001057
0.000000
0.000000
0.000000
0.000000
0.010771
0.000000
0.000000
0.013208
0.000000
0.000000
0.000000
0.000000
0.000000
0.000000
0.000000
0.000000
0.000000
0.000000
0.000000
0.000000
0.000000
0.000000
0.000000
0.000000
0.000000
0.000000
0.000000
0.000000
0.000000
0.000000
0.000000
0.000000
0.000000
0.000000
0.002310
0.000000
0.000000
0.000000
0.000000
0.000000
0.003960
0.000000
0.000000
0.000000
0.000000
0.000000
0.000000
0.000000
0.000000
0.000000
0.000000
0.000000
0.000000
0.000000
0.000000
0.000000
0.000000
0.000000
0.000000
0.000000
0.000000
0.000000
0.000000
0.000000
0.000000
0.000000
0.000000
0.000000
0.000000
0.000000
0.000000
0.000000
0.000000
0.000000
0.000000
0.000000
0.000000
0.000000
0.000000
0.000000
0.000000
0.000000
0.000000
0.000000
0.010311
0.000000
0.000000
0.000000
0.000000
0.000000
0.000000
0.000000
0.000000
0.004191
0.000000
0.000000
0.000000
0.000000
0.000000
0.000000
0.014666
0.000000
0.000000
0.000000
0.000000
0.000000
0.000000
0.000000
0.000000
0.000000
0.004216
0.000000
0.000000
0.000000
0.000000
0.000000
0.000025
0.000921
0.000000
0.000000
0.000000
0.000000
0.000000
0.000000
0.000000
0.000000
0.000000
0.000000
0.000000
0.000000
0.000000
0.000000
0.000000
0.000000
0.000000
0.000000
0.000000
0.000000
0.000000
0.000000
0.000000
0.000000
0.000000
0.000000
0.000000
0.000000
0.000000
0.000897
0.012019
0.000000
0.000000
0.000000
0.000000
0.000000
0.000000
0.000000
0.000000
0.000000
0.000000
0.000000
0.010391
0.000000
0.000000
0.000000
0.000000
0.000000
0.000000
0.000000
0.000000
0.000000
0.000000
0.000000
0.000000
0.000000
0.000000
0.001089
0.000000
0.000000
0.000000
0.000000
0.014924
0.000000
0.000000
0.000000
0.000000
0.000000
0.000000
0.000000
0.000000
0.000000
0.000000
0.000000
0.000000
0.004044
0.000000
0.000000
0.000324
0.000000
0.000896
0.000000
0.000000
0.000000
0.015518
0.000000
0.000000
0.000000
0.000000
0.000000
0.010437
0.000000
0.000000
0.000000
0.000000
0.000000
0.000000
0.000000
0.000000
0.004230
0.000000
0.000000
0.000000
0.000000
0.000000
0.000000
0.000000
0.000000
0.000000
0.000000
0.000000
0.000000
0.000000
0.000000
0.000000
0.000000
0.000000
0.000000
0.000000
0.000000
0.000000
0.000000
0.000000
0.012164
0.004120
0.000000
0.000000
0.000000
0.000000
0.000000
0.000000
0.000000
0.011675
0.000000
0.000000
0.000000
0.000000
0.000000
0.000000
0.000000
0.000000
0.011692
0.000000
0.000000
0.000000
0.000000
0.000000
0.001623
0.000000
0.000000
0.000000
0.001078
0.000000
0.000000
0.000000
0.000000
0.011919
0.010308
0.001277
0.000000
0.000000
0.000000
0.000000
0.000000
0.000000
0.000000
0.000000
0.000000
0.000000
0.000000
0.000000
0.010713
0.000000
0.004095
0.000000
0.000839
0.000000
0.000000
0.000000
0.000000
0.000000
0.000000
0.004074
0.000000
0.000000
0.000000
0.000000
0.000000
0.000000
0.000000
0.000000
0.000000
0.000000
0.000000
0.000000
0.000000
0.000000
0.000000
0.000000
0.000000
0.000000
0.000000
0.000000
0.000000
0.000000
0.000000
0.000000
0.000000
0.000000
0.000000
0.000000
0.000000
0.000000
0.000000
0.000000
0.000000
0.000000
0.000000
0.000000
0.000000
0.000000
0.000000
0.000000
0.009443
0.000000
0.000000
0.000000
0.000000
0.000000
0.000000
0.002941
0.000000
0.000000
0.000000
0.000000
0.000000
0.001684
0.000000
0.000000
0.000000
0.000000
0.000000
0.000000
0.000000
0.000000
0.000000
0.009149
0.000000
0.000000
0.000000
0.000000
0.000000
0.000000
0.000072
0.000000
0.000000
0.000000
0.000000
0.000000
0.000000
0.000000
0.000000
0.000000
0.000000
0.000000
0.000000
0.000000
0.000000
0.000000
0.000000
0.000000
0.000000
0.000000
0.000000
0.000000
0.000000
0.000000
0.000000
0.000000
0.000228
0.000000
0.000000
0.000000
0.000000
0.000000
0.003770
0.000000
0.000000
0.000000
0.000000
0.000000
0.000000
0.000000
0.000000
0.000000
0.000000
0.000000
0.000000
0.013446
0.000000
0.000000
0.001051
0.000000
0.000000
0.000000
0.000000
0.000000
0.000000
0.000000
0.000000
0.000000
0.003969
0.000000
0.000000
0.000000
0.000000
0.000000
0.000000
0.000000
0.000000
0.000000
0.000000
0.000000
0.000000
0.000000
0.000000
0.000000
0.000000
0.000000
0.000000
0.000000
0.000000
0.000000
0.000000
0.000000
0.000000
0.000000
0.000000
0.000000
0.000000
0.009868
0.000000
0.000000
0.000000
0.000000
0.001683
0.000000
0.000000
0.000014
0.000000
0.000000
0.000000
0.000000
0.000000
0.000000
0.000000
0.000000
0.000000
0.010263
0.000000
0.000000
0.001837
0.000000
0.000000
0.000000
0.000000
0.004216
0.000000
0.000000
0.000000
0.003837
0.000000
0.000000
0.000000
0.000000
0.000000
0.000000
0.013936
0.000000
0.000000
0.000000
0.000000
0.000000
0.000000
0.011089
0.000000
0.000000
0.000000
0.000000
0.000000
0.003045
0.000000
0.000000
0.000049
0.000000
0.000000
0.000000
0.000000
0.000000
0.000000
0.000000
0.001514
0.000000
0.000000
0.000000
0.000000
0.000000
0.000000
0.000000
0.000000
0.001371
0.000000
0.000000
0.000000
0.000000
0.000000
0.000000
0.000000
0.000000
0.000000
0.000000
0.000000
0.000000
0.000000
0.000000
0.000000
0.015068
0.000000
0.000000
0.000000
0.000000
0.000000
0.000000
0.000000
0.000000
0.000000
0.000000
0.000000
0.000000
0.000000
0.000000
0.000000
0.000000
0.000000
0.000000
0.000000
0.000000
0.000000
0.000000
0.000000
0.000000
0.000000
0.000000
0.000000
0.009735
0.000000
