0.000000
0.000902
0.000000
0.000140
0.000000
0.001126
0.000430
0.001001
0.002173
0.000560
0.000375
0.000447
0.000000
0.000000
0.000000
0.000031
0.001276
0.000003
0.000000
0.000000
0.000070
0.000191
0.000000
0.000003
0.002642
0.000033
0.000041
0.000422
0.000003
0.000003
0.000000
0.000380
0.000000
0.000362
0.000031
0.000309
0.000447
0.000000
0.000000
0.000465
0.001559
0.000033
0.004769
0.000500
0.000000
0.000369
0.000569
0.000347
0.000031
0.000560
0.000000
0.000458
0.000006
0.000033
0.000532
0.000118
0.000522
0.000043
0.000560
0.000033
0.000000
0.030175
0.000465
0.000000
0.000031
0.000118
0.000000
0.003044
0.001734
0.000000
0.000000
0.000000
0.000274
0.001202
0.000001
0.000000
0.000000
0.030028
0.002270
0.000738
0.002022
0.000031
0.000000
0.000000
0.000415
0.000875
0.000001
0.000709
0.000041
0.000000
0.001152
0.000362
0.000033
0.000034
0.003444
0.000041
0.000192
0.000008
0.000775
0.000001
0.001044
0.000379
0.000000
0.000374
0.000037
0.000725
0.000000
0.000034
0.000551
0.000439
0.000000
0.000118
0.000000
0.000057
0.000362
0.000033
0.000247
0.000000
0.000439
0.000000
0.000374
0.000033
0.000033
0.000000
0.000398
0.000347
0.000402
0.000031
0.000384
0.000003
0.000000
0.000033
0.000726
0.013473
0.000680
0.000039
0.002555
0.000001
0.004622
0.000560
0.000388
0.003339
0.000806
0.000000
0.000000
0.000000
0.000034
0.000000
0.000001
0.000000
0.001224
0.000033
0.000000
0.000661
0.000037
0.000650
0.000448
0.000000
0.000034
0.001828
0.000114
0.000000
0.000000
0.000000
0.000008
0.000699
0.001058
0.000000
0.000430
0.000000
0.004526
0.000000
0.000040
0.000258
0.000369
0.000040
0.000000
0.000000
0.000000
0.023960
0.000000
0.000000
0.000000
0.000034
0.000376
0.000795
0.000933
0.000000
0.000000
0.000003
0.000150
0.000000
0.000160
0.000560
0.000031
0.000349
0.000244
0.000447
0.000735
0.000039
0.000000
0.001998
0.002008
0.000033
0.000601
0.000040
0.000000
0.000000
0.000298
0.000000
0.000601
0.000000
0.000383
0.000560
0.000037
0.000000
0.000031
0.000601
0.000008
0.004459
0.000771
0.000031
0.000716
0.000040
0.012508
0.000000
0.000151
0.000503
0.000000
0.000000
0.000000
0.000557
0.000081
0.000000
0.000034
0.000000
0.000357
0.000439
0.000000
0.000112
0.000039
0.000000
0.000000
0.000041
0.000443
0.000041
0.000000
0.000041
0.000482
0.002153
0.000000
0.000000
0.000422
0.002269
0.000000
0.000033
0.000000
0.000000
0.000629
0.000555
0.000374
0.000000
0.000000
0.000001
0.000000
0.000998
0.000430
0.000037
0.000199
0.000762
0.000000
0.000000
0.004493
0.000039
0.000000
0.000349
0.002978
0.000500
0.000000
0.000000
0.000194
0.000000
0.000706
0.000000
0.000000
0.000001
0.000003
0.000001
0.000580
0.000426
0.000001
0.000000
0.000041
0.000358
0.000041
0.000000
0.000764
0.003272
0.000000
0.000373
0.000458
0.000068
0.000000
0.000000
0.000000
0.000136
0.000430
0.000501
0.000890
0.000034
0.000142
0.001761
0.000000
0.000000
0.000000
0.000000
0.000569
0.000000
0.000551
0.000008
0.000148
0.000000
0.000000
0.001007
0.000031
0.000040
0.000000
0.000000
0.000555
0.000000
0.002437
0.000376
0.000000
0.000074
0.000037
0.000560
0.003434
0.000003
0.000034
0.000034
0.000441
0.000000
0.000040
0.000033
0.000034
0.000057
0.000202
0.000601
0.000443
0.001174
0.000000
0.000516
0.000000
0.000560
0.000068
0.000625
0.016983
0.000000
0.000161
0.000104
0.000817
0.001561
0.000000
0.001101
0.000008
0.000715
0.004112
0.000551
0.001378
0.010706
0.000000
0.000424
0.000516
0.004887
0.000000
0.000031
0.000000
0.000731
0.000000
0.000000
0.000000
0.001497
0.000041
0.000601
0.000347
0.013383
0.004887
0.000000
0.000409
0.000351
0.000360
0.000003
0.000000
0.029318
0.000726
0.000000
0.000917
0.000000
0.000000
0.000466
0.000040
0.000040
0.000422
0.000040
0.000000
0.000523
0.000000
0.000000
0.000040
0.005006
0.000000
0.000069
0.000384
0.000034
0.004783
0.000362
0.000136
0.000041
0.000142
0.000439
0.000254
0.000008
0.000033
0.001594
0.000000
0.000041
0.000033
0.000000
0.000422
0.000070
0.000040
0.000610
0.000000
0.000420
0.000000
0.000833
0.000736
0.000827
0.001820
0.000601
0.000335
0.000006
0.000000
0.000000
0.000000
0.000034
0.000947
0.001511
0.000551
0.000000
0.000380
0.000532
0.000382
0.000729
0.000033
0.000000
0.000000
0.000000
0.001772
0.000322
0.000033
0.003129
0.001679
0.000000
0.000000
0.000003
0.000918
0.004460
0.000000
0.000000
0.000000
0.000001
0.001734
0.000008
0.000003
0.000041
0.000692
0.000142
0.002280
0.000008
0.000000
0.000068
0.002500
0.000725
0.000000
0.001058
0.000039
0.000033
0.000037
0.000000
0.000447
0.000887
0.000039
0.004457
0.000447
0.000500
0.000291
0.000003
0.000373
0.000656
0.025388
0.000000
0.000003
0.000003
0.000374
0.019212
0.000000
0.000516
0.000033
0.000430
0.000191
0.000003
0.000000
0.000033
0.000394
0.000430
0.000657
0.000000
0.000000
0.000000
0.009855
0.000039
0.000713
0.000033
0.000000
0.000034
0.001559
0.017498
0.000000
0.000000
0.000805
0.000555
0.000000
0.000447
0.000000
0.000360
0.000041
0.007396
0.000754
0.001713
0.000003
0.000001
0.000000
0.000040
0.000040
0.000000
0.000000
0.000033
0.000000
0.000000
0.000000
0.000913
0.000008
0.004870
0.000000
0.000802
0.000535
0.000000
0.000285
0.000902
0.000033
0.000409
0.000303
0.000000
0.000202
0.000495
0.000000
0.000000
0.000115
0.000040
0.000577
0.000875
0.000033
0.000192
0.000485
0.000379
0.000000
0.004416
0.000161
0.001277
0.001721
0.000000
0.000000
0.000037
0.000719
0.000373
0.000000
0.000153
0.000037
0.000000
0.000000
0.000601
0.000551
0.003549
0.000031
0.000518
0.000041
0.003099
0.000000
0.000443
0.000897
0.000000
0.000033
0.000000
0.000000
0.002253
0.000000
0.000033
0.002305
0.000902
0.000785
0.000000
0.000040
0.000000
0.000017
0.000439
0.000041
0.000041
0.000034
0.000081
0.000824
0.001721
0.000000
0.000000
0.000037
0.000034
0.000031
0.000039
0.000223
0.000051
0.000000
0.000000
0.000003
0.000000
0.001979
0.000000
0.000000
0.000008
0.000041
0.002728
0.002953
0.000883
0.000001
0.000006
0.000008
0.000000
0.000340
0.000253
0.001594
0.000000
0.000000
0.000037
0.000000
0.000285
0.000033
0.000439
0.000112
0.000000
0.001141
0.000519
0.000447
0.003554
0.000033
0.000003
0.000000
0.000375
0.000111
0.000033
0.000340
0.000202
0.000000
0.000000
0.000439
0.000000
0.000539
0.000447
0.000000
0.000455
0.000000
0.000145
0.000000
0.000089
0.003542
0.000709
0.000039
0.001280
0.001278
0.000003
0.000143
0.000448
0.000039
0.000003
0.000001
0.000034
0.001867
0.000033
0.000000
0.001280
0.000455
0.001131
0.000003
0.000000
0.000551
0.000000
0.000000
0.000382
0.000000
0.000006
0.000465
0.000033
0.000000
0.000388
0.000003
0.000040
0.000000
0.000070
0.000000
0.000000
0.000000
0.000000
0.000040
0.000324
0.000006
0.001202
0.000703
0.000003
0.001138
0.000041
0.000041
0.000000
0.000491
0.000041
0.001131
0.000388
0.000351
0.000000
0.000000
0.000040
0.000560
0.000383
0.001561
0.000041
0.000000
0.000369
0.000000
0.000201
0.000100
0.000767
0.000560
0.000000
0.000070
0.000000
0.000000
0.000000
0.000373
0.000000
0.000000
0.000000
0.000003
0.000001
0.030401
0.000000
0.000366
0.000000
0.000229
0.000569
0.000349
0.000034
0.000000
0.000008
0.000374
0.000042
0.000033
0.000246
0.000000
0.001044
0.000039
0.000000
0.000000
0.000452
0.000396
0.000402
0.000000
0.000000
0.000000
0.000033
0.000000
0.000031
0.000017
0.000000
0.000041
0.000000
0.001735
0.000003
0.000000
0.000500
0.001998
0.000017
0.000262
0.000384
0.000455
0.000008
0.000551
0.000000
0.000443
0.000034
0.000041
0.000000
0.000000
0.000000
0.000003
0.000717
0.000000
0.000569
0.001975
0.000000
0.000000
0.000000
0.020059
0.000324
0.000012
0.000000
0.000041
0.000000
0.000031
0.000000
0.000188
0.000000
0.000601
0.000008
0.000000
0.000039
0.000516
0.000039
0.001604
0.000041
0.000033
0.000037
0.000439
0.000000
0.000037
0.000000
0.000000
0.000080
0.000000
0.000952
0.000920
0.004429
0.000000
0.000143
0.000627
0.000000
0.000078
0.000000
0.000240
0.002342
0.000551
0.000040
0.000000
0.000003
0.000151
0.000443
0.028624
0.000000
0.000434
0.000000
0.002711
0.000000
0.000351
0.000739
0.000000
0.001025
0.000000
0.000716
0.000033
0.000397
0.000041
0.000000
0.000869
0.000068
0.000000
0.000000
0.000000
0.000035
0.000206
0.000000
0.000031
0.000000
0.000034
0.000256
0.000037
0.000510
0.000000
0.000034
0.000351
0.000782
0.002384
0.000041
0.000000
0.000307
0.000000
0.000006
0.000068
0.000000
0.001106
0.000033
0.000000
0.000000
0.000654
0.000000
0.000000
0.000177
0.000033
0.000560
0.000000
0.000006
0.001276
0.000037
0.000000
0.000606
0.000000
0.000333
0.000376
0.000008
0.000000
0.000031
0.000006
0.000000
0.002070
0.001357
0.013068
0.000034
0.000000
0.000386
0.000001
0.003533
0.000000
0.000500
0.002432
0.000034
0.000000
0.000001
0.000458
0.000560
0.000460
0.004717
0.000041
0.000485
0.000080
0.000000
0.000100
0.000369
0.000726
0.000000
0.003354
0.000039
0.000034
0.000360
0.000041
0.000040
0.000068
0.000000
0.000000
0.000349
0.000388
0.000430
0.000033
0.000340
0.004999
0.000003
0.000000
0.000000
0.000000
0.000000
0.000040
0.000070
0.000369
0.000000
0.000000
0.000000
0.000033
0.000000
0.000000
0.000376
0.000000
0.000033
0.000516
0.000340
0.000001
0.000439
0.000031
0.000000
0.000179
0.000000
0.000038
0.001794
0.000031
0.000034
0.000177
0.000000
0.000172
0.000033
0.002569
0.000560
0.000040
0.000647
0.000000
0.000000
0.000461
0.000000
0.000001
0.000034
0.000040
0.000000
0.000000
0.000744
0.001474
0.000003
0.002140
0.000466
0.004887
0.000000
0.000223
0.000362
0.000272
0.000382
0.000000
0.000000
0.000340
0.000039
0.001559
0.000803
0.000762
0.000347
0.000033
0.000012
0.001460
0.000510
0.000000
0.000434
0.000000
0.000000
0.000303
0.000041
0.000000
0.000041
0.000003
0.000008
0.000947
0.000003
0.000000
0.024598
0.000382
0.000601
0.000000
0.000560
0.000458
0.000640
0.000040
0.000373
0.000033
0.000003
0.000033
0.000000
0.000041
0.000041
0.000041
0.000001
0.000000
0.000000
0.005909
0.000000
0.000118
0.000445
0.000040
0.000000
0.000000
0.000000
0.000000
0.000000
0.000199
0.000003
0.000041
0.004722
0.000033
0.000201
0.000000
0.000875
0.011541
0.000003
0.000933
0.000000
0.001703
0.001474
0.000382
0.000114
0.000161
0.000601
0.000801
0.000119
0.000000
0.000001
0.000039
0.000039
0.000033
0.000000
0.000068
0.000555
0.000006
0.000000
0.000006
0.000000
0.006209
0.000040
0.000000
0.000395
0.000040
0.000655
0.001067
0.000000
0.002857
0.000460
0.028200
0.000434
0.000034
0.000000
0.000033
0.000033
0.000386
0.000799
0.000899
0.000003
0.000033
0.004239
0.000041
0.000000
0.000038
0.000031
0.000118
0.000041
0.000001
0.000388
0.000440
0.000000
0.005913
0.000000
0.014059
0.000000
0.001617
0.000376
0.030401
0.000080
0.000000
0.000003
0.001931
0.000161
0.000388
0.000006
0.000000
0.000041
0.000000
0.000804
0.000296
0.000000
0.001280
0.000373
0.001396
0.000455
0.000033
0.000003
0.000349
0.000068
0.000000
0.000541
0.000003
0.000000
0.000000
0.000041
0.000775
0.000551
0.000000
0.000000
0.000525
0.005802
0.000114
0.000990
0.000034
0.000000
0.000000
0.000006
0.000364
0.000358
0.000000
0.002553
0.000340
0.000000
0.000006
0.000034
0.017298
0.000001
0.000227
0.001385
0.000000
0.000000
0.000447
0.000003
0.000000
0.000033
0.000068
0.000034
0.000003
0.000374
0.000158
0.000003
0.000383
0.000455
0.000443
0.000000
0.000000
0.000340
0.004452
0.000037
0.000070
0.000033
0.001047
0.000151
0.013651
0.000000
